"https://upscgk.com/upsc-gk/6f51906b-40ff-429e-b497-42be03cebf6e/%E0%A4%AD%E0%A4%BE%E0%A4%B0%E0%A4%A4%E0%A4%BE%E0%A4%9A%E0%A5%8D%E0%A4%AF%E0%A4%BE-%E0%A4%B0%E0%A4%BE%E0%A4%B7%E0%A5%8D%E0%A4%9F%E0%A5%8D%E0%A4%B0%E0%A4%AA%E0%A4%A4%E0%A5%80-%E0%A4%AA%E0%A5%8D%E0%A4%B0%E0%A4%A4%E0%A4%BF%E0%A4%AD%E0%A4%BE%E0%A4%A4%E0%A4%BE%E0%A4%88-%E0%A4%AA%E0%A4%BE%E0%A4%9F%E0%A5%80%E0%A4%B2-%E0%A4%AF%E0%A4%BE%E0%A4%82%E0%A4%A8%E0%A5%80-%E0%A4%A8%E0%A5%8B%E0%A4%B5%E0%A5%8D%E0%A4%B9%E0%A5%87%E0%A4%82%E0%A4%AC%E0%A4%B0-%E0%A5%A8%E0%A5%A6%E0%A5%A6%E0%A5%AF-%E0%A4%AE%E0%A4%A7%E0%A5%8D%E0%A4%AF%E0%A5%87-%E0%A4%B2%E0%A4%A2%E0%A4%BE%E0%A4%8A-%E0%A4%B5%E0%A4%BF%E0%A4%AE%E0%A4%BE%E0%A4%A8%E0%A4%BE%E0%A4%A4%E0%A5%82%E0%A4%A8-%E0%A4%AA%E0%A5%8D%E0%A4%B0%E0%A4%B5%E0%A4%BE%E0%A4%B8-%E0%A4%95%E0%A5%87%E0%A4%B2%E0%A4%BE--%E0%A4%A4%E0%A5%87-%E0%A4%B5%E0%A4%BF%E0%A4%AE%E0%A4%BE%E0%A4%A8-%E0%A4%96%E0%A4%BE%E0%A4%B2%E0%A5%80%E0%A4%B2%E0%A4%AA%E0%A5%88%E0%A4%95%E0%A5%80-%E0%A4%95%E0%A5%8B%E0%A4%A3%E0%A4%A4%E0%A5%8D%E0%A4%AF%E0%A4%BE-%E0%A4%AA%E0%A5%8D%E0%A4%B0%E0%A4%95%E0%A4%BE%E0%A4%B0%E0%A4%9A%E0%A5%87-%E0%A4%B9%E0%A5%8B%E0%A4%A4%E0%A5%87", 0, 0, 0, 0, 0, 0, 0, 0, 0, 0, 0, 0, 0, 0, 0, 0, 0, 0, 0, 0, 0, 0, 0, 0, 0, 0, 0, 0, 0, 0, 0, 0, 0, 0, 0, 0, 0, 0, 0, 0, 0, 0, 0, 0, 0, 0, 0, 0, 0, 0, 0, 0, 0, 0, 0, 0, 0, 0	
"https://blog.kara.com.ng/tag/gionee-s11-full-specification/", 0, 0, 0, 0, 0, 0, 0, 3, 3, 3, 0, 3, 3, 3, 3, 0, 3, 1, 1, 1, 0, 1, 3, 3, 3, 0, 3, 3, 3, 3, 0, 3, 1, 1, 1, 0, 1, 3, 3, 3, 0, 3, 3, 3, 3, 0, 3, 1, 1, 1, 0, 1, 1, 1, 2, 2, 1, 1	
"https://www.phonearena.com/reviews/Xiaomi-Mi-6-Review_id4371", 0, 0, 0, 0, 0, 0, 0, 0, 0, 0, 0, 0, 0, 0, 0, 0, 0, 0, 0, 0, 0, 0, 0, 0, 0, 0, 0, 0, 0, 0, 0, 0, 0, 0, 0, 0, 0, 0, 0, 0, 0, 0, 0, 0, 0, 0, 0, 0, 0, 0, 0, 0, 0, 0, 0, 0, 0, 0	
"http://kwyy.bottegadarchi.it/windows-10-can-t-install-spotify.html", 0, 0, 0, 0, 0, 0, 0, 0, 0, 0, 0, 0, 0, 0, 0, 0, 0, 0, 0, 0, 0, 0, 0, 0, 0, 0, 0, 0, 0, 0, 0, 0, 0, 0, 0, 0, 0, 0, 0, 0, 0, 0, 0, 0, 0, 0, 0, 0, 0, 0, 0, 0, 2, 2, 2, 2, 2, 2	
"http://ojld.pixj.pw/prepaid-power-alabama.html", 0, 0, 0, 0, 0, 0, 0, 0, 0, 0, 0, 0, 0, 0, 0, 0, 0, 0, 0, 0, 0, 0, 0, 0, 0, 0, 0, 0, 0, 0, 0, 0, 0, 0, 0, 0, 0, 1, 1, 0, 0, 0, 1, 1, 0, 0, 0, 1, 1, 0, 0, 0, 0, 0, 0, 0, 0, 0	
"https://www.international-due-diligence.org/tag/advanced-money-laundering/", 0, 0, 0, 0, 0, 0, 0, 0, 0, 0, 0, 0, 0, 0, 0, 0, 0, 0, 0, 0, 0, 0, 0, 0, 0, 0, 0, 0, 0, 0, 0, 0, 0, 0, 0, 0, 0, 0, 0, 0, 0, 0, 0, 0, 0, 0, 0, 0, 0, 0, 0, 0, 0, 0, 0, 0, 0, 0	
"http://zpvb.bjoy.pw/ckaytv-ad-free-apk-download.html", 0, 0, 0, 0, 0, 0, 0, 0, 0, 0, 0, 0, 0, 0, 0, 0, 0, 0, 0, 0, 0, 0, 0, 0, 0, 0, 0, 0, 0, 0, 0, 0, 0, 0, 0, 0, 0, 0, 0, 0, 0, 0, 0, 0, 0, 0, 0, 0, 0, 0, 0, 0, 1, 1, 1, 1, 1, 1	
"http://adsense-blog.com/post/wiring-harness-radio-sync-kit-for-2014-fusion", 0, 0, 0, 0, 0, 0, 0, 0, 0, 0, 0, 0, 0, 0, 0, 0, 0, 0, 0, 0, 0, 0, 0, 0, 0, 0, 0, 0, 0, 0, 0, 0, 0, 0, 0, 0, 0, 0, 0, 0, 0, 0, 0, 0, 0, 0, 0, 0, 0, 0, 0, 0, 0, 0, 0, 0, 0, 0	
"https://blog.kara.com.ng/tag/latest-smartphone/", 0, 0, 0, 0, 0, 0, 0, 3, 3, 3, 0, 3, 3, 3, 3, 0, 3, 1, 1, 1, 0, 1, 3, 3, 3, 0, 3, 3, 3, 3, 0, 3, 1, 1, 1, 0, 1, 3, 3, 3, 0, 3, 3, 3, 3, 0, 3, 1, 1, 1, 0, 1, 1, 1, 2, 2, 1, 1	
"https://scobleizer.blog/2009/11/08/droid-palm-pre-iphone-product-comparison/?like_comment=404450&_wpnonce=9b36d2eac7", 0, 0, 0, 0, 0, 0, 0, 19, 0, 0, 0, 19, 16, 0, 0, 0, 16, 4, 0, 0, 0, 4, 35, 0, 0, 0, 35, 24, 0, 0, 0, 24, 18, 0, 0, 0, 18, 11, 0, 0, 0, 11, 7, 0, 0, 0, 7, 4, 0, 0, 0, 4, 0, 0, 0, 0, 0, 0	
"http://voicesync.org/books.php?q=buy-Oligomerization-in-Health-and-Disease-2013/", 0, 0, 0, 0, 0, 0, 0, 0, 0, 0, 0, 0, 0, 0, 0, 0, 0, 0, 0, 0, 0, 0, 0, 0, 0, 0, 0, 0, 0, 0, 0, 0, 0, 0, 0, 0, 0, 0, 0, 0, 0, 0, 0, 0, 0, 0, 0, 0, 0, 0, 0, 0, 0, 0, 0, 0, 0, 0	
