"https://scobleizer.blog/2009/11/08/droid-palm-pre-iphone-product-comparison/?like_comment=404486&_wpnonce=8dfccf61ac", 0, 0, 0, 0, 0, 0, 0, 19, 0, 0, 0, 19, 16, 0, 0, 0, 16, 4, 0, 0, 0, 4, 35, 0, 0, 0, 35, 24, 0, 0, 0, 24, 18, 0, 0, 0, 18, 11, 0, 0, 0, 11, 7, 0, 0, 0, 7, 4, 0, 0, 0, 4, 0, 0, 0, 0, 0, 0	
"https://casino-1click.com/royal-vegas", 0, 0, 0, 0, 0, 0, 0, 0, 0, 0, 0, 0, 0, 0, 0, 0, 0, 0, 0, 0, 0, 0, 0, 0, 0, 0, 0, 0, 0, 0, 0, 0, 0, 0, 0, 0, 0, 0, 0, 0, 0, 0, 0, 0, 0, 0, 0, 0, 0, 0, 0, 0, 0, 0, 0, 0, 0, 0	
"https://www.gizmotimes.com/tag/vivo/page/2", 0, 0, 0, 0, 0, 0, 0, 0, 0, 0, 0, 0, 0, 0, 0, 0, 0, 0, 0, 0, 0, 0, 0, 0, 0, 0, 0, 0, 0, 0, 0, 0, 0, 0, 0, 0, 0, 0, 0, 0, 0, 0, 0, 0, 0, 0, 0, 0, 0, 0, 0, 0, 0, 0, 0, 0, 0, 0	
"http://januaryyarns.com/masturbate-tgp-montag-on-sex-hatch-interracial-fat-porn-gangbang-fab-telugu-hookers-to", 0, 0, 0, 0, 0, 0, 0, 0, 0, 0, 0, 0, 0, 0, 0, 0, 0, 0, 0, 0, 0, 0, 0, 0, 0, 0, 0, 0, 0, 0, 0, 0, 0, 0, 0, 0, 0, 0, 0, 0, 0, 0, 0, 0, 0, 0, 0, 0, 0, 0, 0, 0, 0, 0, 0, 0, 0, 0	
"https://www.waterbottlingsolution.cn/uncategorized/empower-youth-nhl-music-organizations-leason-i-scott-mid-alexander-radulov-jersey.html", 0, 0, 0, 0, 0, 0, 0, 0, 0, 0, 0, 0, 0, 0, 0, 0, 0, 0, 0, 0, 0, 0, 0, 0, 0, 0, 0, 0, 0, 0, 0, 0, 0, 0, 0, 0, 0, 0, 0, 0, 0, 0, 0, 0, 0, 0, 0, 0, 0, 0, 0, 0, 0, 0, 0, 0, 0, 0	
"https://kevinreinholz.com/author/kevinreinholz/", 0, 0, 0, 0, 0, 0, 0, 0, 0, 0, 0, 0, 0, 0, 0, 0, 0, 0, 0, 0, 0, 0, 0, 0, 0, 0, 0, 0, 0, 0, 0, 0, 0, 0, 0, 0, 0, 0, 0, 0, 0, 0, 0, 0, 0, 0, 0, 0, 0, 0, 0, 0, 0, 0, 0, 0, 0, 0	
"https://www.educationindex.com/essay/Job-Analysis-Essay-PKY6JNZJ2Y", 0, 0, 0, 0, 0, 0, 0, 0, 0, 0, 0, 0, 0, 0, 0, 0, 0, 0, 0, 0, 0, 0, 0, 0, 0, 0, 0, 0, 0, 0, 0, 0, 0, 0, 0, 0, 0, 0, 0, 0, 0, 0, 0, 0, 0, 0, 0, 0, 0, 0, 0, 0, 0, 0, 0, 0, 0, 0	
"https://upscgk.com/upsc-gk/bad50a9a-7fff-4caa-990d-bfc0942d0211/%E0%A4%A8%E0%A4%BF%E0%A4%AE%E0%A5%8D%E0%A4%A8-%E0%A4%AE%E0%A5%87-%E0%A4%B8%E0%A5%87-%E0%A4%95%E0%A5%8C%E0%A4%A8%E0%A4%B8%E0%A4%BE-%E0%A4%AA%E0%A4%B6%E0%A5%81-%E0%A4%9C%E0%A5%81%E0%A5%9A%E0%A4%BE%E0%A4%B2%E0%A5%80-%E0%A4%A8%E0%A4%B9%E0%A5%80-%E0%A4%95%E0%A4%B0%E0%A4%A4%E0%A4%BE-%E0%A4%B9%E0%A5%88", 0, 0, 0, 0, 0, 0, 0, 0, 0, 0, 0, 0, 0, 0, 0, 0, 0, 0, 0, 0, 0, 0, 0, 0, 0, 0, 0, 0, 0, 0, 0, 0, 0, 0, 0, 0, 0, 0, 0, 0, 0, 0, 0, 0, 0, 0, 0, 0, 0, 0, 0, 0, 0, 0, 0, 0, 0, 0	
"https://cybersmatrix.com/tag/vlc-media-player-1-1-1-free-download/", 0, 0, 0, 0, 0, 0, 0, 0, 0, 0, 0, 0, 0, 0, 0, 0, 0, 0, 0, 0, 0, 0, 0, 0, 0, 0, 0, 0, 0, 0, 0, 0, 0, 0, 0, 0, 0, 0, 0, 0, 0, 0, 0, 0, 0, 0, 0, 0, 0, 0, 0, 0, 0, 0, 9, 9, 3, 3	
"https://www.fonepaw.com/whatsapp/whatsapp-not-responding.html", 0, 0, 0, 0, 0, 0, 0, 0, 0, 0, 0, 0, 0, 0, 0, 0, 0, 0, 0, 0, 0, 0, 0, 0, 0, 0, 0, 0, 0, 0, 0, 0, 0, 0, 0, 0, 0, 0, 0, 0, 0, 0, 0, 0, 0, 0, 0, 0, 0, 0, 0, 0, 0, 0, 0, 0, 0, 0	
"https://upscgk.com/upsc-gk/b6593ad6-cf10-4dfc-90e4-07383c23d683/%E0%A4%8F%E0%A4%B0%E0%A4%BF%E0%A4%A5%E0%A5%8D%E0%A4%B0%E0%A5%8B%E0%A4%AE%E0%A4%BE%E0%A4%87%E0%A4%B8%E0%A4%BF%E0%A4%A8-%E0%A4%9F%E0%A5%87%E0%A4%9F%E0%A5%8D%E0%A4%B0%E0%A4%BE%E0%A4%B8%E0%A4%BE%E0%A4%87%E0%A4%95%E0%A5%8D%E0%A4%B2%E0%A5%80%E0%A4%A8-%E0%A4%95%E0%A5%8D%E0%A4%B2%E0%A5%8D%E0%A4%B0%E0%A5%8B%E0%A4%B0%E0%A5%88%E0%A4%AE%E0%A5%8D%E0%A4%AB%E0%A5%87%E0%A4%A8%E0%A4%BF%E0%A4%95%E0%A5%89%E0%A4%B2-%E0%A4%95%E0%A4%BF%E0%A4%B8%E0%A4%95%E0%A5%87-%E0%A4%89%E0%A4%A6%E0%A4%BE%E0%A4%B9%E0%A4%B0%E0%A4%A3-%E0%A4%B9%E0%A5%88", 0, 0, 0, 0, 0, 0, 0, 0, 0, 0, 0, 0, 0, 0, 0, 0, 0, 0, 0, 0, 0, 0, 0, 0, 0, 0, 0, 0, 0, 0, 0, 0, 0, 0, 0, 0, 0, 0, 0, 0, 0, 0, 0, 0, 0, 0, 0, 0, 0, 0, 0, 0, 0, 0, 0, 0, 0, 0	
"https://styroscope.wordpress.com/category/localization/", 0, 0, 0, 0, 0, 0, 0, 0, 0, 0, 0, 0, 0, 0, 0, 0, 0, 0, 0, 0, 0, 0, 0, 0, 0, 0, 0, 0, 0, 0, 0, 0, 0, 0, 0, 0, 0, 0, 0, 0, 0, 0, 0, 0, 0, 0, 0, 0, 0, 0, 0, 0, 0, 0, 0, 0, 0, 0	
"http://cguu.aihy.pw/ispf-crosshairs.html", 0, 0, 0, 0, 0, 0, 0, 0, 0, 0, 0, 0, 0, 0, 0, 0, 0, 0, 0, 0, 0, 0, 0, 0, 0, 0, 0, 0, 0, 0, 0, 0, 0, 0, 0, 0, 0, 0, 0, 0, 0, 0, 0, 0, 0, 0, 0, 0, 0, 0, 0, 0, 0, 0, 0, 0, 0, 0	
"http://fhxz.aeut.pw/can-t-stay-connected-to-gta-online.html", 0, 0, 0, 0, 0, 0, 0, 0, 0, 0, 0, 0, 0, 0, 0, 0, 0, 0, 0, 0, 0, 0, 0, 0, 0, 0, 0, 0, 0, 0, 0, 0, 0, 0, 0, 0, 0, 0, 0, 0, 0, 0, 0, 0, 0, 0, 0, 0, 0, 0, 0, 0, 0, 0, 0, 0, 0, 0	
