"https://volcanoesinthekitchen.com/sex-huisvrouwen-free-mobile-chatting-ze-gijpt-hem-bij-de-lul-trekt-en-cheap-sexy-swimwear-fiemel", 0, 0, 0, 0, 0, 0, 0, 0, 0, 0, 0, 0, 0, 0, 0, 0, 0, 0, 0, 0, 0, 0, 0, 0, 0, 0, 0, 0, 0, 0, 0, 0, 0, 0, 0, 0, 0, 0, 0, 0, 0, 0, 0, 0, 0, 0, 0, 0, 0, 0, 0, 0, 0, 0, 0, 0, 0, 0	
"https://www.uterque.com/us/es/colecci%C3%B3n/pantalones/pantal%C3%B3n-de-vestir-c1862541.html", 0, 0, 0, 0, 0, 0, 0, 0, 0, 0, 0, 0, 0, 0, 0, 0, 0, 0, 0, 0, 0, 0, 0, 0, 0, 0, 0, 0, 0, 0, 0, 0, 0, 0, 0, 0, 0, 0, 0, 0, 0, 0, 0, 0, 0, 0, 0, 0, 0, 0, 0, 0, 0, 0, 0, 0, 0, 0	
"http://cpcn1.cn/mkqz.php/rcazbgfylp2g58xzvrsi.xml", 0, 0, 0, 0, 0, 0, 0, 1, 1, 0, 0, 0, 0, 0, 0, 0, 0, 1, 1, 0, 0, 0, 2, 2, 0, 0, 0, 2, 2, 0, 0, 0, 0, 0, 0, 0, 0, 1, 1, 0, 0, 0, 0, 0, 0, 0, 0, 1, 1, 0, 0, 0, 0, 0, 0, 0, 0, 0	
"https://upscgk.com/upsc-gk/a54f869d-b17e-447f-b317-f38458c52be4/%E0%AE%9A%E0%AE%BE%E0%AE%B0%E0%AF%8D%E0%AE%95%E0%AF%8D-%E0%AE%85%E0%AE%AE%E0%AF%88%E0%AE%AA%E0%AF%8D%E0%AE%AA%E0%AE%BF%E0%AE%B2%E0%AF%8D-%E0%AE%AA%E0%AE%99%E0%AF%8D%E0%AE%95%E0%AF%87%E0%AE%B1%E0%AF%8D%E0%AE%B1%E0%AF%81%E0%AE%B3%E0%AF%8D%E0%AE%B3-%E0%AE%A8%E0%AE%BE%E0%AE%9F%E0%AF%81%E0%AE%95%E0%AE%B3%E0%AE%BF%E0%AE%A9%E0%AF%8D-%E0%AE%8E%E0%AE%A3%E0%AF%8D%E0%AE%A3%E0%AE%BF%E0%AE%95%E0%AF%8D%E0%AE%95%E0%AF%88", 0, 0, 0, 0, 0, 0, 0, 0, 0, 0, 0, 0, 0, 0, 0, 0, 0, 0, 0, 0, 0, 0, 0, 0, 0, 0, 0, 0, 0, 0, 0, 0, 0, 0, 0, 0, 0, 0, 0, 0, 0, 0, 0, 0, 0, 0, 0, 0, 0, 0, 0, 0, 0, 0, 0, 0, 0, 0	
"https://rocksubculture.com/tag/rockabilly/", 0, 0, 0, 0, 0, 0, 0, 0, 0, 0, 0, 0, 0, 0, 0, 0, 0, 0, 0, 0, 0, 0, 0, 0, 0, 0, 0, 0, 0, 0, 0, 0, 0, 0, 0, 0, 0, 0, 0, 0, 0, 0, 0, 0, 0, 0, 0, 0, 0, 0, 0, 0, 0, 0, 0, 0, 0, 0	
"https://www.sygic.com/press", 0, 0, 0, 0, 0, 0, 0, 0, 0, 0, 0, 0, 0, 0, 0, 0, 0, 0, 0, 0, 0, 0, 0, 0, 0, 0, 0, 0, 0, 0, 0, 0, 0, 0, 0, 0, 0, 0, 0, 0, 0, 0, 0, 0, 0, 0, 0, 0, 0, 0, 0, 0, 0, 0, 0, 0, 0, 0	
"https://mobilityarena.com/infinix-hot-8-lite-vs-samsung-galaxy-a10/", 0, 0, 0, 0, 0, 0, 0, 0, 0, 0, 0, 0, 0, 0, 0, 0, 0, 0, 0, 0, 0, 0, 0, 0, 0, 0, 0, 0, 0, 0, 0, 0, 0, 0, 0, 0, 0, 0, 0, 0, 0, 0, 0, 0, 0, 0, 0, 0, 0, 0, 0, 0, 0, 0, 0, 0, 0, 0	
"http://vmuz.jniu.pw/weather-app-in-s9.html", 0, 0, 0, 0, 0, 0, 0, 8, 8, 0, 0, 0, 6, 6, 0, 0, 0, 8, 8, 0, 0, 0, 23, 23, 0, 0, 0, 11, 11, 0, 0, 0, 13, 13, 0, 0, 0, 2, 2, 0, 0, 0, 2, 2, 0, 0, 0, 2, 2, 0, 0, 0, 0, 0, 0, 0, 0, 0	
"http://schneidercorp.com/resources/blog/?categoryid=51&page=5&tagid=367", 0, 0, 0, 0, 0, 0, 0, 0, 0, 0, 0, 0, 0, 0, 0, 0, 0, 0, 0, 0, 0, 0, 0, 0, 0, 0, 0, 0, 0, 0, 0, 0, 0, 0, 0, 0, 0, 0, 0, 0, 0, 0, 0, 0, 0, 0, 0, 0, 0, 0, 0, 0, 0, 0, 0, 0, 0, 0	
"http://mitziemery1582541.wikidot.com/blog:20", 0, 0, 0, 0, 0, 0, 0, 0, 0, 0, 0, 0, 0, 0, 0, 0, 0, 0, 0, 0, 0, 0, 0, 0, 0, 0, 0, 0, 0, 0, 0, 0, 0, 0, 0, 0, 0, 0, 0, 0, 0, 0, 0, 0, 0, 0, 0, 0, 0, 0, 0, 0, 0, 0, 0, 0, 0, 0	
"https://adaptivelearninginelt.wordpress.com/tag/marketing/", 0, 0, 0, 0, 0, 0, 0, 0, 0, 0, 0, 0, 0, 0, 0, 0, 0, 0, 0, 0, 0, 0, 0, 0, 0, 0, 0, 0, 0, 0, 0, 0, 0, 0, 0, 0, 0, 0, 0, 0, 0, 0, 0, 0, 0, 0, 0, 0, 0, 0, 0, 0, 0, 0, 0, 0, 0, 0	
"http://progel.pw/kljh", 0, 0, 0, 0, 0, 0, 0, 0, 0, 0, 0, 0, 0, 0, 0, 0, 0, 0, 0, 0, 0, 0, 2, 2, 0, 0, 0, 2, 2, 0, 0, 0, 2, 2, 0, 0, 0, 8, 8, 0, 0, 0, 6, 6, 0, 0, 0, 5, 5, 0, 0, 0, 0, 0, 0, 0, 0, 0	
"https://www.nhharrisburg.com/training-and-certifications/technical-courses", 0, 0, 0, 0, 0, 0, 0, 0, 0, 0, 0, 0, 0, 0, 0, 0, 0, 0, 0, 0, 0, 0, 0, 0, 0, 0, 0, 0, 0, 0, 0, 0, 0, 0, 0, 0, 0, 0, 0, 0, 0, 0, 0, 0, 0, 0, 0, 0, 0, 0, 0, 0, 0, 0, 0, 0, 0, 0	
"http://schneidercorp.com/resources/blog/?categoryid=51&page=5&tagid=213", 0, 0, 0, 0, 0, 0, 0, 0, 0, 0, 0, 0, 0, 0, 0, 0, 0, 0, 0, 0, 0, 0, 0, 0, 0, 0, 0, 0, 0, 0, 0, 0, 0, 0, 0, 0, 0, 0, 0, 0, 0, 0, 0, 0, 0, 0, 0, 0, 0, 0, 0, 0, 0, 0, 0, 0, 0, 0	
"http://www.teknoids.com/2018/05/02/c64-rpi-3-conversion/", 0, 0, 0, 0, 0, 0, 0, 2, 2, 0, 0, 0, 3, 3, 0, 0, 0, 1, 1, 0, 0, 0, 5, 5, 0, 0, 0, 5, 5, 0, 0, 0, 1, 1, 0, 0, 0, 6, 6, 0, 0, 0, 5, 5, 0, 0, 0, 1, 1, 0, 0, 0, 3, 3, 3, 3, 1, 1	
"http://www.iranunik.com/destinations/newtown", 0, 0, 0, 0, 0, 0, 0, 0, 0, 0, 0, 0, 0, 0, 0, 0, 0, 0, 0, 0, 0, 0, 2, 2, 2, 0, 2, 0, 0, 0, 0, 0, 0, 0, 0, 0, 0, 1, 1, 1, 0, 1, 0, 0, 0, 0, 0, 0, 0, 0, 0, 0, 0, 0, 0, 0, 0, 0	
"https://redmondmag.com/articles/2018/09/25/surface-hub-2s-and-2x-plans.aspx", 0, 0, 0, 0, 0, 0, 0, 0, 0, 0, 0, 0, 0, 0, 0, 0, 0, 0, 0, 0, 0, 0, 0, 0, 0, 0, 0, 0, 0, 0, 0, 0, 0, 0, 0, 0, 0, 0, 0, 0, 0, 0, 0, 0, 0, 0, 0, 0, 0, 0, 0, 0, 0, 0, 0, 0, 0, 0	
"http://upxc.ratingcomuni.it/street-tracker-builders.html", 0, 0, 0, 0, 0, 0, 0, 0, 0, 0, 0, 0, 0, 0, 0, 0, 0, 0, 0, 0, 0, 0, 0, 0, 0, 0, 0, 0, 0, 0, 0, 0, 0, 0, 0, 0, 0, 0, 0, 0, 0, 0, 0, 0, 0, 0, 0, 0, 0, 0, 0, 0, 0, 0, 0, 0, 0, 0	
