"https://www.graspskills.com/business-finance/business-case-writing-training-boston", 0, 0, 0, 0, 0, 0, 0, 0, 0, 0, 0, 0, 0, 0, 0, 0, 0, 0, 0, 0, 0, 0, 0, 0, 0, 0, 0, 0, 0, 0, 0, 0, 0, 0, 0, 0, 0, 0, 0, 0, 0, 0, 0, 0, 0, 0, 0, 0, 0, 0, 0, 0, 0, 0, 0, 0, 0, 0	
"https://upscgk.com/upsc-gk/b501023f-9aab-458e-9229-d90c5b348877/%E0%A4%9C%E0%A5%88%E0%A4%A8-%E0%A4%A7%E0%A4%B0%E0%A5%8D%E0%A4%AE-%E0%A4%AE%E0%A5%87%E0%A4%82-%E0%A4%B8%E0%A5%83%E0%A4%B7%E0%A5%8D%E0%A4%9F%E0%A4%BF%E0%A4%95%E0%A4%B0%E0%A5%8D%E0%A4%A4%E0%A5%8D%E0%A4%A4%E0%A4%BE-%E0%A4%88%E0%A4%B6%E0%A5%8D%E0%A4%B5%E0%A4%B0-%E0%A4%95%E0%A4%BE-%E0%A4%95%E0%A5%8B%E0%A4%88-%E0%A4%B8%E0%A5%8D%E0%A4%A5%E0%A4%BE%E0%A4%A8-%E0%A4%A8%E0%A4%B9%E0%A5%80%E0%A4%82-%E0%A4%B9%E0%A5%88--%E0%A4%AF%E0%A5%87-%E0%A4%B2%E0%A5%8B%E0%A4%97-%E0%A4%B8%E0%A4%BF%E0%A4%A6%E0%A5%8D%E0%A4%A7-%E0%A4%AA%E0%A5%81%E0%A4%B0%E0%A5%81%E0%A4%B7%E0%A5%8B%E0%A4%82-%E0%A4%95%E0%A5%80-%E0%A4%AA%E0%A5%82%E0%A4%9C%E0%A4%BE-%E0%A4%95%E0%A4%B0%E0%A4%A4%E0%A5%87-%E0%A4%B9%E0%A5%88%E0%A4%82-%E0%A4%9C%E0%A4%BF%E0%A4%A8%E0%A5%8D%E0%A4%B9%E0%A5%87%E0%A4%82%E0%A4%83", 0, 0, 0, 0, 0, 0, 0, 0, 0, 0, 0, 0, 0, 0, 0, 0, 0, 0, 0, 0, 0, 0, 0, 0, 0, 0, 0, 0, 0, 0, 0, 0, 0, 0, 0, 0, 0, 0, 0, 0, 0, 0, 0, 0, 0, 0, 0, 0, 0, 0, 0, 0, 0, 0, 0, 0, 0, 0	
"https://openparachute.wordpress.com/2010/09/06/the-grand-design-neither-god-nor-42/?like_comment=17520&_wpnonce=30108b362a", 0, 0, 0, 0, 0, 0, 0, 0, 0, 0, 0, 0, 0, 0, 0, 0, 0, 0, 0, 0, 0, 0, 0, 0, 0, 0, 0, 0, 0, 0, 0, 0, 0, 0, 0, 0, 0, 0, 0, 0, 0, 0, 0, 0, 0, 0, 0, 0, 0, 0, 0, 0, 0, 0, 0, 0, 0, 0	
"https://royale-t.nl/31078-iob-foreign-exchange-branches.html", 0, 0, 0, 0, 0, 0, 0, 0, 0, 0, 0, 0, 0, 0, 0, 0, 0, 0, 0, 0, 0, 0, 0, 0, 0, 0, 0, 0, 0, 0, 0, 0, 0, 0, 0, 0, 0, 0, 0, 0, 0, 0, 0, 0, 0, 0, 0, 0, 0, 0, 0, 0, 0, 0, 0, 0, 0, 0	
"https://jadedphotography.wordpress.com/about/?like_comment=491&_wpnonce=3e3c8a5eb8&replytocom=6035", 0, 0, 0, 0, 0, 0, 0, 0, 0, 0, 0, 0, 0, 0, 0, 0, 0, 0, 0, 0, 0, 0, 0, 0, 0, 0, 0, 0, 0, 0, 0, 0, 0, 0, 0, 0, 0, 0, 0, 0, 0, 0, 0, 0, 0, 0, 0, 0, 0, 0, 0, 0, 0, 0, 0, 0, 0, 0	
"http://www.windowcleaning.org.uk/holsters-lasso-c102x3316769", 0, 0, 0, 0, 0, 0, 0, 0, 0, 0, 0, 0, 0, 0, 0, 0, 0, 0, 0, 0, 0, 0, 0, 0, 0, 0, 0, 0, 0, 0, 0, 0, 0, 0, 0, 0, 0, 0, 0, 0, 0, 0, 0, 0, 0, 0, 0, 0, 0, 0, 0, 0, 0, 0, 0, 0, 0, 0	
"https://andylosik.blogspot.com/2016/02/", 0, 0, 0, 0, 0, 0, 0, 0, 0, 0, 0, 0, 0, 0, 0, 0, 0, 0, 0, 0, 0, 0, 0, 0, 0, 0, 0, 0, 0, 0, 0, 0, 0, 0, 0, 0, 0, 0, 0, 0, 0, 0, 0, 0, 0, 0, 0, 0, 0, 0, 0, 0, 1, 1, 1, 1, 1, 1	
"https://hackaday.com/2015/11/23/the-antikythera-mechanism/", 0, 0, 0, 0, 0, 0, 0, 0, 0, 0, 0, 0, 0, 0, 0, 0, 0, 0, 0, 0, 0, 0, 0, 0, 0, 0, 0, 0, 0, 0, 0, 0, 0, 0, 0, 0, 0, 0, 0, 0, 0, 0, 0, 0, 0, 0, 0, 0, 0, 0, 0, 0, 0, 0, 0, 0, 0, 0	
"http://ldxz.icuy.pw/", 0, 0, 0, 0, 0, 0, 0, 0, 0, 0, 0, 0, 0, 0, 0, 0, 0, 0, 0, 0, 0, 0, 0, 0, 0, 0, 0, 0, 0, 0, 0, 0, 0, 0, 0, 0, 0, 0, 0, 0, 0, 0, 0, 0, 0, 0, 0, 0, 0, 0, 0, 0, 5, 5, 5, 5, 4, 4	
"https://jadedphotography.wordpress.com/about/?like_comment=343&_wpnonce=eb1447eec1&replytocom=495", 0, 0, 0, 0, 0, 0, 0, 0, 0, 0, 0, 0, 0, 0, 0, 0, 0, 0, 0, 0, 0, 0, 0, 0, 0, 0, 0, 0, 0, 0, 0, 0, 0, 0, 0, 0, 0, 0, 0, 0, 0, 0, 0, 0, 0, 0, 0, 0, 0, 0, 0, 0, 0, 0, 0, 0, 0, 0	
