"https://www.naxos.com/feature/Naxos_Playlists_201901.asp", 0, 0, 0, 0, 0, 0, 0, 0, 0, 0, 0, 0, 0, 0, 0, 0, 0, 0, 0, 0, 0, 0, 0, 0, 0, 0, 0, 0, 0, 0, 0, 0, 0, 0, 0, 0, 0, 0, 0, 0, 0, 0, 0, 0, 0, 0, 0, 0, 0, 0, 0, 0, 0, 0, 0, 0, 0, 0	
"https://jadedphotography.wordpress.com/about/?like_comment=321&_wpnonce=7ef68a138b&replytocom=1855", 0, 0, 0, 0, 0, 0, 0, 0, 0, 0, 0, 0, 0, 0, 0, 0, 0, 0, 0, 0, 0, 0, 0, 0, 0, 0, 0, 0, 0, 0, 0, 0, 0, 0, 0, 0, 0, 0, 0, 0, 0, 0, 0, 0, 0, 0, 0, 0, 0, 0, 0, 0, 0, 0, 0, 0, 0, 0	
"http://iqwj.venetoacquaeterme.it/livehitz-all-right-2019.html", 0, 0, 0, 0, 0, 0, 0, 2, 0, 0, 0, 2, 2, 0, 0, 0, 2, 2, 0, 0, 0, 2, 2, 0, 0, 0, 2, 2, 0, 0, 0, 2, 2, 0, 0, 0, 2, 4, 0, 0, 0, 4, 2, 0, 0, 0, 2, 4, 0, 0, 0, 4, 0, 0, 0, 0, 0, 0	
"http://www.sudtirolmedia.it/yvz8/breath-monitor-iphone.html", 0, 0, 0, 0, 0, 0, 0, 10, 10, 0, 0, 0, 8, 8, 0, 0, 0, 7, 7, 0, 0, 0, 20, 20, 0, 0, 0, 12, 12, 0, 0, 0, 16, 16, 0, 0, 0, 4, 4, 0, 0, 0, 4, 4, 0, 0, 0, 4, 4, 0, 0, 0, 2, 2, 2, 2, 2, 2	
"http://www.esportnation.com/european-elite-league-eel-february-2015-w33-meepo/", 0, 0, 0, 0, 0, 0, 0, 2, 0, 0, 0, 2, 3, 0, 0, 0, 3, 2, 0, 0, 0, 2, 1, 0, 0, 0, 1, 1, 0, 0, 0, 1, 1, 0, 0, 0, 1, 2, 0, 0, 0, 2, 2, 0, 0, 0, 2, 1, 0, 0, 0, 1, 1, 1, 1, 1, 1, 1	
"https://technogeeksilhoutte.wordpress.com/tag/xperia/", 0, 0, 0, 0, 0, 0, 0, 0, 0, 0, 0, 0, 0, 0, 0, 0, 0, 0, 0, 0, 0, 0, 2, 2, 2, 0, 2, 0, 0, 0, 0, 0, 0, 0, 0, 0, 0, 0, 0, 0, 0, 0, 0, 0, 0, 0, 0, 0, 0, 0, 0, 0, 0, 0, 0, 0, 0, 0	
"http://lzvw.avtp.pw/rpcs3-little-big-planet.html", 0, 0, 0, 0, 0, 0, 0, 0, 0, 0, 0, 0, 0, 0, 0, 0, 0, 0, 0, 0, 0, 0, 0, 0, 0, 0, 0, 0, 0, 0, 0, 0, 0, 0, 0, 0, 0, 0, 0, 0, 0, 0, 0, 0, 0, 0, 0, 0, 0, 0, 0, 0, 1, 1, 1, 1, 1, 1	
"https://upscgk.com/upsc-gk/b340ae05-1859-4492-b3a1-edc7da17604c/%E0%AE%92%E0%AE%B0%E0%AF%81-%E0%AE%AA%E0%AF%8A%E0%AE%B0%E0%AF%81%E0%AE%B3%E0%AF%8D-%E0%AE%AA%E0%AF%82%E0%AE%AE%E0%AE%BF%E0%AE%AF%E0%AE%BF%E0%AE%A9%E0%AF%8D-%E0%AE%AA%E0%AF%81%E0%AE%B5%E0%AE%BF%E0%AE%88%E0%AE%B0%E0%AF%8D%E0%AE%AA%E0%AF%8D%E0%AE%AA%E0%AE%BF%E0%AE%B2%E0%AE%BF%E0%AE%B0%E0%AF%81%E0%AE%A8%E0%AF%8D%E0%AE%A4%E0%AF%81-%E0%AE%B5%E0%AE%BF%E0%AE%9F%E0%AF%81%E0%AE%AA%E0%AE%9F%E0%AF%8D%E0%AE%9F%E0%AF%81%E0%AE%9A%E0%AF%8D-%E0%AE%9A%E0%AF%86%E0%AE%B2%E0%AF%8D%E0%AE%B2-%E0%AE%87%E0%AE%AF%E0%AE%B2%E0%AF%81%E0%AE%AE%E0%AF%8D-%E0%AE%A8%E0%AF%87%E0%AE%B0%E0%AF%8D%E0%AE%B5%E0%AF%87%E0%AE%95%E0%AE%AE%E0%AF%8D-%E0%AE%9A%E0%AF%81%E0%AE%AE%E0%AE%BE%E0%AE%B0%E0%AE%BE%E0%AE%95", 0, 0, 0, 0, 0, 0, 0, 0, 0, 0, 0, 0, 0, 0, 0, 0, 0, 0, 0, 0, 0, 0, 0, 0, 0, 0, 0, 0, 0, 0, 0, 0, 0, 0, 0, 0, 0, 0, 0, 0, 0, 0, 0, 0, 0, 0, 0, 0, 0, 0, 0, 0, 0, 0, 0, 0, 0, 0	
"http://colerma.pw/luoj", 0, 0, 0, 0, 0, 0, 0, 0, 0, 0, 0, 0, 0, 0, 0, 0, 0, 0, 0, 0, 0, 0, 0, 0, 0, 0, 0, 0, 0, 0, 0, 0, 0, 0, 0, 0, 0, 0, 0, 0, 0, 0, 0, 0, 0, 0, 0, 0, 0, 0, 0, 0, 3, 3, 3, 3, 3, 3	
"https://www.nhharrisburg.com/about-us", 0, 0, 0, 0, 0, 0, 0, 0, 0, 0, 0, 0, 0, 0, 0, 0, 0, 0, 0, 0, 0, 0, 0, 0, 0, 0, 0, 0, 0, 0, 0, 0, 0, 0, 0, 0, 0, 0, 0, 0, 0, 0, 0, 0, 0, 0, 0, 0, 0, 0, 0, 0, 0, 0, 0, 0, 0, 0	
"https://jadedphotography.wordpress.com/about/?like_comment=308&_wpnonce=d3c092b96f&replytocom=315", 0, 0, 0, 0, 0, 0, 0, 0, 0, 0, 0, 0, 0, 0, 0, 0, 0, 0, 0, 0, 0, 0, 0, 0, 0, 0, 0, 0, 0, 0, 0, 0, 0, 0, 0, 0, 0, 0, 0, 0, 0, 0, 0, 0, 0, 0, 0, 0, 0, 0, 0, 0, 0, 0, 0, 0, 0, 0	
"https://www.brettshavers.com/brett-s-blog/blogger/mjpeters", 0, 0, 0, 0, 0, 0, 0, 0, 0, 0, 0, 0, 0, 0, 0, 0, 0, 0, 0, 0, 0, 0, 0, 0, 0, 0, 0, 0, 0, 0, 0, 0, 0, 0, 0, 0, 0, 0, 0, 0, 0, 0, 0, 0, 0, 0, 0, 0, 0, 0, 0, 0, 0, 0, 0, 0, 0, 0	
"http://itechblog.co/ring-alarm-security-system-now-on-sale-at-249/", 0, 0, 0, 0, 0, 0, 0, 0, 0, 0, 0, 0, 0, 0, 0, 0, 0, 0, 0, 0, 0, 0, 0, 0, 0, 0, 0, 0, 0, 0, 0, 0, 0, 0, 0, 0, 0, 0, 0, 0, 0, 0, 0, 0, 0, 0, 0, 0, 0, 0, 0, 0, 0, 0, 0, 0, 0, 0	
"https://jadedphotography.wordpress.com/about/?like_comment=350&_wpnonce=883d32d5bd&replytocom=166", 0, 0, 0, 0, 0, 0, 0, 0, 0, 0, 0, 0, 0, 0, 0, 0, 0, 0, 0, 0, 0, 0, 0, 0, 0, 0, 0, 0, 0, 0, 0, 0, 0, 0, 0, 0, 0, 0, 0, 0, 0, 0, 0, 0, 0, 0, 0, 0, 0, 0, 0, 0, 0, 0, 0, 0, 0, 0	
"http://misalu.de/wp-admin/css/colors/book.php?q=epub-%D0%9E%D0%BF%D1%82%D0%B8%D1%87%D0%B5%D1%81%D0%BA%D0%B0%D1%8F-%D1%81%D1%83%D0%BB%D1%8C%D1%84%D0%B8%D0%B4%D0%BD%D0%B0%D1%8F-%D0%BA%D0%B5%D1%80%D0%B0%D0%BC%D0%B8%D0%BA%D0%B0/", 0, 0, 0, 0, 0, 0, 0, 0, 0, 0, 0, 0, 0, 0, 0, 0, 0, 0, 0, 0, 0, 0, 0, 0, 0, 0, 0, 0, 0, 0, 0, 0, 0, 0, 0, 0, 0, 0, 0, 0, 0, 0, 0, 0, 0, 0, 0, 0, 0, 0, 0, 0, 0, 0, 0, 0, 0, 0	
