"http://www.supercoders.in/search/label/php-watermark-text-transparent", 0, 0, 0, 0, 0, 0, 0, 0, 0, 0, 0, 0, 0, 0, 0, 0, 0, 0, 0, 0, 0, 0, 0, 0, 0, 0, 0, 0, 0, 0, 0, 0, 0, 0, 0, 0, 0, 0, 0, 0, 0, 0, 0, 0, 0, 0, 0, 0, 0, 0, 0, 0, 0, 0, 0, 0, 0, 0	
"http://blog.jed-photo.com/friendship-travels/?reply-to=151992", 0, 0, 0, 0, 0, 0, 0, 2, 2, 0, 0, 0, 1, 1, 0, 0, 0, 1, 1, 0, 0, 0, 0, 0, 0, 0, 0, 0, 0, 0, 0, 0, 0, 0, 0, 0, 0, 3, 3, 0, 0, 0, 2, 2, 0, 0, 0, 0, 0, 0, 0, 0, 0, 0, 0, 0, 0, 0	
"https://www.pinoymetrogeek.com/2019/07/huawei-12000-40w-powerbank-review.html", 0, 0, 0, 0, 0, 0, 0, 0, 0, 0, 0, 0, 0, 0, 0, 0, 0, 0, 0, 0, 0, 0, 0, 0, 0, 0, 0, 0, 0, 0, 0, 0, 0, 0, 0, 0, 0, 0, 0, 0, 0, 0, 0, 0, 0, 0, 0, 0, 0, 0, 0, 0, 0, 0, 0, 0, 0, 0	
"https://upscgk.com/upsc-gk/a8a6143d-7be8-4cb6-b65d-2b91033c8026/%E0%A4%95%E0%A5%8C%E0%A4%A8-%E0%A4%B8%E0%A5%80-%E0%A4%95%E0%A5%8B%E0%A4%B6%E0%A4%BF%E0%A4%95%E0%A4%BE%E0%A4%8F-%E0%A4%B9%E0%A5%88-%E0%A4%9C%E0%A5%8B-%E0%A4%AA%E0%A5%82%E0%A4%B0%E0%A5%87-%E0%A4%B6%E0%A4%B0%E0%A5%80%E0%A4%B0-%E0%A4%AE%E0%A5%87%E0%A4%82-%E0%A4%AD%E0%A5%8D%E0%A4%B0%E0%A4%AE%E0%A4%A3-%E0%A4%95%E0%A4%B0%E0%A4%A4%E0%A5%80-%E0%A4%B9%E0%A5%88-%E0%A4%94%E0%A4%B0-%E0%A4%B0%E0%A4%95%E0%A5%8D%E0%A4%A4%E0%A4%B8%E0%A5%8D%E0%A4%B0%E0%A4%BE%E0%A4%B5-%E0%A4%95%E0%A5%87-%E0%A4%B8%E0%A5%8D%E0%A4%A5%E0%A4%BE%E0%A4%A8-%E0%A4%AA%E0%A4%B0-%E0%A4%B0%E0%A5%81%E0%A4%A7%E0%A4%BF%E0%A4%B0-%E0%A4%95%E0%A4%BE-%E0%A4%A7%E0%A4%95%E0%A5%8D%E0%A4%95%E0%A4%BE-%E0%A4%AC%E0%A4%A8%E0%A4%BE%E0%A4%95%E0%A4%B0", 0, 0, 0, 0, 0, 0, 0, 0, 0, 0, 0, 0, 0, 0, 0, 0, 0, 0, 0, 0, 0, 0, 0, 0, 0, 0, 0, 0, 0, 0, 0, 0, 0, 0, 0, 0, 0, 0, 0, 0, 0, 0, 0, 0, 0, 0, 0, 0, 0, 0, 0, 0, 0, 0, 0, 0, 0, 0	
"https://scobleizer.blog/2009/11/08/droid-palm-pre-iphone-product-comparison/?like_comment=404620&_wpnonce=ea24504c41", 0, 0, 0, 0, 0, 0, 0, 19, 0, 0, 0, 19, 16, 0, 0, 0, 16, 4, 0, 0, 0, 4, 35, 0, 0, 0, 35, 24, 0, 0, 0, 24, 18, 0, 0, 0, 18, 11, 0, 0, 0, 11, 7, 0, 0, 0, 7, 4, 0, 0, 0, 4, 0, 0, 0, 0, 0, 0	
"https://www.odds.com.au/sport/tennis/atp-shanghai-masters/felix-augeraliassime-vs-alexander-bublik/", 0, 0, 0, 0, 0, 0, 0, 0, 0, 0, 0, 0, 0, 0, 0, 0, 0, 0, 0, 0, 0, 0, 0, 0, 0, 0, 0, 0, 0, 0, 0, 0, 0, 0, 0, 0, 0, 0, 0, 0, 0, 0, 0, 0, 0, 0, 0, 0, 0, 0, 0, 0, 0, 0, 0, 0, 0, 0	
"http://cairo.code-pages.com/cairo-tech/2017/04/25/samsung-unveils-updated-gear-vr-for-galaxy-s6-and-s6-edge/", 0, 0, 0, 0, 0, 0, 0, 0, 0, 0, 0, 0, 0, 0, 0, 0, 0, 0, 0, 0, 0, 0, 0, 0, 0, 0, 0, 0, 0, 0, 0, 0, 0, 0, 0, 0, 0, 0, 0, 0, 0, 0, 0, 0, 0, 0, 0, 0, 0, 0, 0, 0, 0, 0, 0, 0, 0, 0	
"http://lxlj.emporiumgalorium.de/onenote-web-clip-chrome.html", 0, 0, 0, 0, 0, 0, 0, 0, 0, 0, 0, 0, 0, 0, 0, 0, 0, 0, 0, 0, 0, 0, 0, 0, 0, 0, 0, 0, 0, 0, 0, 0, 0, 0, 0, 0, 0, 0, 0, 0, 0, 0, 0, 0, 0, 0, 0, 0, 0, 0, 0, 0, 0, 0, 0, 0, 0, 0	
"https://www.mobileshop.eu/de/blog/lg/", 0, 0, 0, 0, 0, 0, 0, 0, 0, 0, 0, 0, 0, 0, 0, 0, 0, 0, 0, 0, 0, 0, 0, 0, 0, 0, 0, 0, 0, 0, 0, 0, 0, 0, 0, 0, 0, 0, 0, 0, 0, 0, 0, 0, 0, 0, 0, 0, 0, 0, 0, 0, 0, 0, 0, 0, 0, 0	
"https://magic-wiki.win/index.php?title=Cunt_wars_hack_Poll_of_the_Day&diff=83908&oldid=0", 0, 0, 0, 0, 0, 0, 0, 0, 0, 0, 0, 0, 0, 0, 0, 0, 0, 0, 0, 0, 0, 0, 0, 0, 0, 0, 0, 0, 0, 0, 0, 0, 0, 0, 0, 0, 0, 0, 0, 0, 0, 0, 0, 0, 0, 0, 0, 0, 0, 0, 0, 0, 0, 0, 0, 0, 0, 0	
