"http://cairo.code-pages.com/cairo-tech/2017/04/01/a-glitch-in-teslas-model-x-is-locking-owners-out-of-their-cars/", 0, 0, 0, 0, 0, 0, 0, 0, 0, 0, 0, 0, 0, 0, 0, 0, 0, 0, 0, 0, 0, 0, 0, 0, 0, 0, 0, 0, 0, 0, 0, 0, 0, 0, 0, 0, 0, 0, 0, 0, 0, 0, 0, 0, 0, 0, 0, 0, 0, 0, 0, 0, 0, 0, 0, 0, 0, 0	
"https://markbrimm.wordpress.com/tag/user-experience/", 0, 0, 0, 0, 0, 0, 0, 0, 0, 0, 0, 0, 0, 0, 0, 0, 0, 0, 0, 0, 0, 0, 0, 0, 0, 0, 0, 0, 0, 0, 0, 0, 0, 0, 0, 0, 0, 0, 0, 0, 0, 0, 0, 0, 0, 0, 0, 0, 0, 0, 0, 0, 0, 0, 0, 0, 0, 0	
"http://ighi.aavt.pw/minecraft-pixel-painters-address.html", 0, 0, 0, 0, 0, 0, 0, 0, 0, 0, 0, 0, 0, 0, 0, 0, 0, 0, 0, 0, 0, 0, 0, 0, 0, 0, 0, 0, 0, 0, 0, 0, 0, 0, 0, 0, 0, 0, 0, 0, 0, 0, 0, 0, 0, 0, 0, 0, 0, 0, 0, 0, 0, 0, 0, 0, 0, 0	
"http://zlzz.magdaladi.it/sencha-fiddle-grid-example.html", 0, 0, 0, 0, 0, 0, 0, 0, 0, 0, 0, 0, 0, 0, 0, 0, 0, 0, 0, 0, 0, 0, 0, 0, 0, 0, 0, 0, 0, 0, 0, 0, 0, 0, 0, 0, 0, 0, 0, 0, 0, 0, 0, 0, 0, 0, 0, 0, 0, 0, 0, 0, 0, 0, 0, 0, 0, 0	
"https://upscgk.com/upsc-gk/8e30aa51-3ef7-4e49-850b-395520fe5122/%E0%A4%A8%E0%A5%8D%E0%A4%AF%E0%A4%BE%E0%A4%AF%E0%A4%BF%E0%A4%95-%E0%A4%A8%E0%A4%BF%E0%A4%AF%E0%A4%82%E0%A4%A4%E0%A5%8D%E0%A4%B0%E0%A4%A3-%E0%A4%95%E0%A4%BE-%E0%A4%AE%E0%A5%82%E0%A4%B2-%E0%A4%89%E0%A4%A6%E0%A5%8D%E0%A4%A6%E0%A5%87%E0%A4%B6%E0%A5%8D%E0%A4%AF-%E0%A4%95%E0%A5%8D%E0%A4%AF%E0%A4%BE-%E0%A4%B9%E0%A5%88%E0%A4%82", 0, 0, 0, 0, 0, 0, 0, 0, 0, 0, 0, 0, 0, 0, 0, 0, 0, 0, 0, 0, 0, 0, 0, 0, 0, 0, 0, 0, 0, 0, 0, 0, 0, 0, 0, 0, 0, 0, 0, 0, 0, 0, 0, 0, 0, 0, 0, 0, 0, 0, 0, 0, 0, 0, 0, 0, 0, 0	
"https://lifta.co.ke/lesr2uto/torpedo-iptv-apk.html", 0, 0, 0, 0, 0, 0, 0, 0, 0, 0, 0, 0, 0, 0, 0, 0, 0, 0, 0, 0, 0, 0, 0, 0, 0, 0, 0, 0, 0, 0, 0, 0, 0, 0, 0, 0, 0, 0, 0, 0, 0, 0, 0, 0, 0, 0, 0, 0, 0, 0, 0, 0, 1, 1, 1, 1, 1, 1	
"http://www.aerohabitat.org/index.php?page=3&tag=Goran%20Svensson", 0, 0, 0, 0, 0, 0, 0, 0, 0, 0, 0, 0, 0, 0, 0, 0, 0, 0, 0, 0, 0, 0, 0, 0, 0, 0, 0, 0, 0, 0, 0, 0, 0, 0, 0, 0, 0, 0, 0, 0, 0, 0, 0, 0, 0, 0, 0, 0, 0, 0, 0, 0, 0, 0, 0, 0, 0, 0	
"http://surigaodelnorte.website/4169-singlespeed-fixie-hamburg-basel.php", 0, 0, 0, 0, 0, 0, 0, 0, 0, 0, 0, 0, 0, 0, 0, 0, 0, 0, 0, 0, 0, 0, 0, 0, 0, 0, 0, 0, 0, 0, 0, 0, 0, 0, 0, 0, 0, 0, 0, 0, 0, 0, 0, 0, 0, 0, 0, 0, 0, 0, 0, 0, 0, 0, 0, 0, 0, 0	
"http://cadx.officinamente.it/big-heat-heater-6201.html", 0, 0, 0, 0, 0, 0, 0, 0, 0, 0, 0, 0, 0, 0, 0, 0, 0, 0, 0, 0, 0, 0, 0, 0, 0, 0, 0, 0, 0, 0, 0, 0, 0, 0, 0, 0, 0, 0, 0, 0, 0, 0, 0, 0, 0, 0, 0, 0, 0, 0, 0, 0, 0, 0, 0, 0, 0, 0	
"http://uizq.edra.pw/android-dslr-monitor-nikon.html", 0, 0, 0, 0, 0, 0, 0, 31, 31, 0, 0, 0, 8, 8, 0, 0, 0, 6, 6, 0, 0, 0, 14, 14, 0, 0, 0, 7, 7, 0, 0, 0, 6, 6, 0, 0, 0, 5, 5, 0, 0, 0, 4, 4, 0, 0, 0, 4, 4, 0, 0, 0, 5, 5, 4, 4, 4, 4	
